SIMPLE  = T
BITPIX  = -64
NAXIS   = 2
NAXIS1  = 7194
NAXIS2  = 7194
CTYPE1  = 'RA---TAN'
CTYPE2  = 'DEC--TAN'
CRVAL1  =   83.818660
CRVAL2  =   -5.389680
CRPIX1  = 3597.500000
CRPIX2  = 3597.500000
CDELT1  = -0.000278000
CDELT2  = 0.000278000
CROTA2  =    0.000000
EQUINOX = 2000
MAGZP   =   20.904400
END
